sensor_type: camera
comment: imx334_1 - extrinsic relative to cam0
T_BS:
  cols: 4
  rows: 4
  data:
  - 0.9998897085874474
  - 0.003908052495412293
  - 0.014328216448761016
  - -0.0723831126918053
  - -0.0037790435691828933
  - 0.9999521791268711
  - -0.009019882988389249
  - 0.00011493550718028832
  - -0.014362781437161166
  - 0.008964741218524832
  - 0.9998566616892008
  - 0.0006081729164180365
  - 0.0
  - 0.0
  - 0.0
  - 1.0
rate_hz: 30
resolution:
- 1920
- 1080
camera_model: pinhole
intrinsics:
- 688.0540949733412
- 687.810523629582
- 948.5483385414235
- 555.2208153249685
distortion_model: radial-tangential
distortion_coefficients:
- -0.01469677615189069
- -0.0026160485593068306
- 0.00021065159815237484
- -0.0006993762309134599
calibration_resolution:
- 1920
- 1080
intrinsics_normalized:
- 0.3583615077986152
- 0.6368615959533167
- 0.49403559299032473
- 0.514093347523119
intrinsic_rms_error: 0.450409
extrinsic_rms_error: 1.129852
