sensor_type: camera
comment: imx334_1 - extrinsic relative to cam0
T_BS:
  cols: 4
  rows: 4
  data:
  - 0.9999673511578706
  - 0.0036454063150840256
  - 0.007211631653792849
  - -0.07356553752935509
  - -0.0036160920814915696
  - 0.9999851642066824
  - -0.004073726131295734
  - 0.0001997991720457077
  - -0.007226375050481081
  - 0.004047515204736511
  - 0.9999656979738342
  - 0.00027161111330694976
  - 0.0
  - 0.0
  - 0.0
  - 1.0
rate_hz: 30
resolution:
- 1920
- 1080
camera_model: fisheye
intrinsics:
- 687.7857451136705
- 687.6256406838766
- 940.9081377779461
- 561.8673189405786
distortion_model: equidistant
distortion_coefficients:
- 0.32193514128051437
- 0.1712212382211205
- -0.11888786254838221
- 0.11207538517304458
calibration_resolution:
- 1920
- 1080
intrinsics_normalized:
- 0.3582217422467034
- 0.6366904080406265
- 0.49005632175934694
- 0.5202475175375727
intrinsic_rms_error: 0.24077
extrinsic_rms_error: 0.705145
