sensor_type: camera
comment: imx334_1 - extrinsic relative to cam0
T_BS:
  cols: 4
  rows: 4
  data:
  - 0.999946146662779
  - 0.010325823480535352
  - -0.0010397806060971613
  - 0.0731203599501323
  - -0.01033536318290925
  - 0.9999002129566689
  - -0.009630389248915022
  - -0.0004932113077181854
  - 0.0009402351500316141
  - 0.009640617130509793
  - 0.9999530861291471
  - -0.0027387704559838476
  - 0.0
  - 0.0
  - 0.0
  - 1.0
rate_hz: 30
resolution:
- 1920
- 1080
camera_model: pinhole
intrinsics:
- 679.4173545471228
- 679.1563797677754
- 955.6256113506605
- 562.7398292771612
distortion_model: radial-tangential
distortion_coefficients:
- -0.013419222363910705
- -0.006508770517068451
- -0.00017184187855048477
- 0.00023880524187375724
calibration_resolution:
- 1920
- 1080
intrinsics_normalized:
- 0.35386320549329314
- 0.6288484997849773
- 0.497721672578469
- 0.521055397478853
intrinsic_rms_error: 0.47879
extrinsic_rms_error: 0.692769
