sensor_type: camera
comment: ov9281_0 - extrinsic relative to cam0
T_BS:
  cols: 4
  rows: 4
  data:
  - 0.9997132229427473
  - 0.005623780298087989
  - -0.023277563630751015
  - 0.07347130128829571
  - -0.005698206989011319
  - 0.99997885945741
  - -0.0031322636172283207
  - -0.02492180826762694
  - 0.023259456368006706
  - 0.0032640057316535224
  - 0.9997241339269791
  - 0.0032561069142165388
  - 0.0
  - 0.0
  - 0.0
  - 1.0
rate_hz: 30
resolution:
- 1280
- 800
camera_model: pinhole
intrinsics:
- 707.1305912682383
- 709.21395356234
- 664.6779318971351
- 392.57063207161036
distortion_model: radial-tangential
distortion_coefficients:
- -0.3916180076547747
- 0.11673983641282089
- 0.00013781073835482437
- -0.0024622005807499086
calibration_resolution:
- 1280
- 800
intrinsics_normalized:
- 0.5524457744283111
- 0.8865174419529249
- 0.5192796342946367
- 0.490713290089513
intrinsic_rms_error: 0.881449
extrinsic_rms_error: 0.997429
