sensor_type: camera
comment: ov9281_1 - extrinsic relative to cam0
T_BS:
  cols: 4
  rows: 4
  data:
  - 0.9999797822545979
  - 0.004302211258854926
  - 0.004682527130829831
  - 1.6355938513214113e-05
  - -0.004288509094307495
  - 0.9999865049146821
  - -0.0029323502973516193
  - -0.024856658730078737
  - -0.004695079530190883
  - 0.0029122099516549534
  - 0.9999847375142296
  - 9.259937182437527e-05
  - 0.0
  - 0.0
  - 0.0
  - 1.0
rate_hz: 30
resolution:
- 1280
- 800
camera_model: pinhole
intrinsics:
- 710.2861590268838
- 710.1243495549489
- 643.9357606536041
- 418.30271818541314
distortion_model: radial-tangential
distortion_coefficients:
- -0.4201239368566329
- 0.1474064541130815
- -0.0006189418835206646
- 0.000737970778381174
calibration_resolution:
- 1280
- 800
intrinsics_normalized:
- 0.5549110617397529
- 0.8876554369436862
- 0.5030748130106282
- 0.5228783977317665
intrinsic_rms_error: 0.395511
extrinsic_rms_error: 0.499855
