sensor_type: camera
comment: ov9281_0 - extrinsic relative to cam0
T_BS:
  cols: 4
  rows: 4
  data:
  - 0.9999929709580841
  - 0.0012091884955451962
  - -0.0035490699636188676
  - -0.0002695111117613962
  - -0.0012122794828155496
  - 0.9999988876890771
  - -0.0008689068212963997
  - -0.024822537387606113
  - 0.0035480153438175754
  - 0.0008732031784138761
  - 0.9999933245293837
  - 0.0015247663099459316
  - 0.0
  - 0.0
  - 0.0
  - 1.0
rate_hz: 30
resolution:
- 1280
- 800
camera_model: pinhole
intrinsics:
- 713.3523435620306
- 713.4224187525539
- 646.8964233293524
- 377.74373824592
distortion_model: rational
distortion_coefficients:
- 5.940754600022635
- 8.521611050368953
- -0.0002493860502362292
- -0.00011746325273317815
- 0.9168142540664442
- 6.413635331307469
- 11.335172341182002
- 4.080957714687569
calibration_resolution:
- 1280
- 800
intrinsics_normalized:
- 0.5573065184078364
- 0.8917780234406923
- 0.5053878307260565
- 0.4721796728074
intrinsic_rms_error: 0.426635
extrinsic_rms_error: 0.426635
