sensor_type: camera
comment: ov9281_0 - extrinsic relative to cam0
T_BS:
  cols: 4
  rows: 4
  data:
  - 0.999974558599961
  - 0.0009561745363081984
  - -0.007068796437117652
  - 0.0007739538458696445
  - -0.0009629636936539526
  - 0.9999990783305898
  - -0.0009570992089261612
  - -0.02533953185284235
  - 0.007067874768131913
  - 0.0009638818533090809
  - 0.9999745577153625
  - 0.0023354080475322526
  - 0.0
  - 0.0
  - 0.0
  - 1.0
rate_hz: 30
resolution:
- 1280
- 800
camera_model: pinhole
intrinsics:
- 717.2954138058665
- 717.2904410333331
- 658.1004528767119
- 374.48227295822545
distortion_model: equidistant
distortion_coefficients:
- -0.15166020969992391
- 0.022861193733500904
- -0.01221245384735232
- 0.003366994746155948
calibration_resolution:
- 1280
- 800
intrinsics_normalized:
- 0.5603870420358332
- 0.8966130512916664
- 0.5141409788099311
- 0.46810284119778184
intrinsic_rms_error: 0.268606
extrinsic_rms_error: 0.272533
