sensor_type: camera
comment: ov9281_1 - extrinsic relative to cam0
T_BS:
  cols: 4
  rows: 4
  data:
  - 0.9999412640644362
  - 0.0017527807310679145
  - 0.010695615032638866
  - -0.07221254505735075
  - -0.0016919156892203303
  - 0.9999823403595088
  - -0.005697051028388596
  - -0.025395880023658987
  - -0.010705411833189023
  - 0.005678620327886915
  - 0.9999265710184191
  - 0.002622740526662633
  - 0.0
  - 0.0
  - 0.0
  - 1.0
rate_hz: 30
resolution:
- 1280
- 800
camera_model: pinhole
intrinsics:
- 717.6573790057276
- 717.6396523594567
- 614.8518001935103
- 400.7318422094863
distortion_model: equidistant
distortion_coefficients:
- -0.14487180562633759
- 0.010225912554918212
- -0.002743623272512573
- 0.0015265295680184793
calibration_resolution:
- 1280
- 800
intrinsics_normalized:
- 0.5606698273482247
- 0.8970495654493209
- 0.4803529689011799
- 0.5009148027618578
intrinsic_rms_error: 0.422077
extrinsic_rms_error: 0.432558
