sensor_type: camera
comment: ov9281_1 - extrinsic relative to cam0
T_BS:
  cols: 4
  rows: 4
  data:
  - 0.9999715935191221
  - 0.001655153338517992
  - 0.007353408886601604
  - -0.07336211144209263
  - -0.0016330635633512323
  - 0.9999941394705623
  - -0.0030090077978777025
  - -0.02474077929245775
  - -0.007358346161034643
  - 0.0029969137384360913
  - 0.9999684361267703
  - 0.0020107260813329616
  - 0.0
  - 0.0
  - 0.0
  - 1.0
rate_hz: 30
resolution:
- 1280
- 800
camera_model: pinhole
intrinsics:
- 713.7666190665589
- 713.9453850285656
- 619.9839691676442
- 387.0294162350962
distortion_model: rational
distortion_coefficients:
- 0.23647879161311613
- -0.37789311760520605
- -1.4064270503873674e-05
- 0.000530691294477146
- -0.033684663278367576
- 0.7177578552044621
- -0.3988961047079179
- -0.17003854850119773
calibration_resolution:
- 1280
- 800
intrinsics_normalized:
- 0.5576301711457491
- 0.8924317312857071
- 0.48436247591222203
- 0.4837867702938703
intrinsic_rms_error: 0.581096
extrinsic_rms_error: 0.581096
