sensor_type: camera
comment: imx334_0 - reference camera (body frame)
T_BS:
  cols: 4
  rows: 4
  data:
  - 1
  - 0
  - 0
  - 0
  - 0
  - 1
  - 0
  - 0
  - 0
  - 0
  - 1
  - 0
  - 0
  - 0
  - 0
  - 1
rate_hz: 30
resolution:
- 1920
- 1080
camera_model: fisheye
intrinsics:
- 687.4404200313157
- 687.2241800592606
- 942.2567318986694
- 539.2757645538256
distortion_model: equidistant
distortion_coefficients:
- 0.31052342628804386
- 0.22503683672989439
- -0.23247977017794183
- 0.1868342676858321
calibration_resolution:
- 1920
- 1080
intrinsics_normalized:
- 0.35804188543297694
- 0.6363186852400561
- 0.49075871453055697
- 0.49932941162391264
intrinsic_rms_error: 0.262574
