sensor_type: camera
comment: imx334_0 - reference camera (body frame)
T_BS:
  cols: 4
  rows: 4
  data:
  - 1
  - 0
  - 0
  - 0
  - 0
  - 1
  - 0
  - 0
  - 0
  - 0
  - 1
  - 0
  - 0
  - 0
  - 0
  - 1
rate_hz: 30
resolution:
- 1920
- 1080
camera_model: pinhole
intrinsics:
- 686.99883379414
- 686.8754402846349
- 958.8720940163005
- 532.8440087985529
distortion_model: radial-tangential
distortion_coefficients:
- -0.014886770805677454
- -0.0031557317554988585
- 3.415428009673198e-05
- 7.513117748102616e-05
calibration_resolution:
- 1920
- 1080
intrinsics_normalized:
- 0.35781189260111457
- 0.6359957780413287
- 0.4994125489668232
- 0.4933740822208823
intrinsic_rms_error: 0.434
